geometry_id,triad_id,source_ids,n_sources,distance_matrix,distance_mean,distance_std,distance_min,distance_max,distance_p10,distance_p25,distance_p50,distance_p75,distance_p90,within_hist1_mean,within_hist2_mean,within_hist3_mean,between_hist12_mean,between_hist13_mean,between_hist23_mean,within_mean,between_mean,within_between_ratio,created_at
1,1,"[""3112b075-1fdc-41c7-a1f2-81276ee21c5d"", ""0126eeee-9e9d-4dfb-815e-53ae7514b753"", ""542a8046-e5ba-4213-bbcd-2ce3f537b66c"", ""88b99851-32e2-48b8-8947-842848db3caf"", ""598fd2e2-1f38-4a74-9a19-b92f587a7c7a"", ""74c660a2-a94f-4cfc-9571-7111e4778745"", ""8e26505d-cb49-4146-a5e9-8ea5338ac209"", ""6e7c915f-13f1-4150-865d-642157c4a070"", ""129dd865-ed24-468b-a764-9477fa2a8c5e"", ""9a882159-f178-4f03-8182-95c492b7d5c5"", ""0e20217e-4cb3-44c8-b078-19dd73da17f0"", ""78ea8b28-d6de-4b7c-a38c-da0aeaf205fa"", ""628b5c9e-4d3b-450e-bba6-f35fa895d266"", ""11cdefcd-b9ab-4b25-92cc-72f1bd9de869"", ""ca9b1297-8b4d-49cb-bfd3-bc5baf50f809""]",15,"[[1.1920928955078125e-07, 1.07999849319458, 0.8072539567947388, 1.0052731037139893, 1.0234063863754272, 0.6515423059463501, 0.6869824528694153, 0.665600597858429, 1.0143357515335083, 1.0591028928756714, 0.8612788319587708, 0.7159732580184937, 0.8642206192016602, 1.030688762664795, 1.0104126930236816], [1.07999849319458, 1.7881393432617188e-07, 1.0791003704071045, 0.985148012638092, 1.0147855281829834, 0.9509924054145813, 1.046866774559021, 0.9651423692703247, 0.9893252849578857, 0.9644321203231812, 0.9390408992767334, 1.0014173984527588, 0.9661520719528198, 0.9856773614883423, 0.968576967716217], [0.8072539567947388, 1.0791003704071045, -2.384185791015625e-07, 0.934262752532959, 1.0192731618881226, 0.7092506885528564, 0.5133476853370667, 0.6069538593292236, 1.0334320068359375, 0.9912744760513306, 0.814113438129425, 0.5046805739402771, 0.7401273250579834, 0.9918422102928162, 0.9430058598518372], [1.0052731037139893, 0.985148012638092, 0.934262752532959, -1.1920928955078125e-07, 0.7183281779289246, 0.9927581548690796, 0.9314537048339844, 0.9970247745513916, 0.7938419580459595, 0.7453848719596863, 1.0477638244628906, 0.9556289911270142, 1.0164612531661987, 0.675586998462677, 0.7338137626647949], [1.0234063863754272, 1.0147855281829834, 1.0192731618881226, 0.7183281779289246, 0.0, 1.0236492156982422, 0.9721353650093079, 0.9946970343589783, 0.7378649711608887, 0.800575315952301, 0.9552683234214783, 0.997954249382019, 0.972838282585144, 0.6869966387748718, 0.6840159893035889], [0.6515423059463501, 0.9509924054145813, 0.7092506885528564, 0.9927581548690796, 1.0236492156982422, 1.1920928955078125e-07, 0.6507618427276611, 0.639394223690033, 1.0067600011825562, 1.0178265571594238, 0.7928017973899841, 0.6406030654907227, 0.780195415019989, 1.0515379905700684, 0.9956591725349426], [0.6869824528694153, 1.046866774559021, 0.5133476853370667, 0.9314537048339844, 0.9721353650093079, 0.6507618427276611, 0.0, 0.48596668243408203, 0.9951837658882141, 1.017130732536316, 0.632843017578125, 0.41026246547698975, 0.6619439125061035, 0.9838377833366394, 0.9823676347732544], [0.665600597858429, 0.9651423692703247, 0.6069538593292236, 0.9970247745513916, 0.9946970343589783, 0.639394223690033, 0.48596668243408203, 1.1920928955078125e-07, 1.0216331481933594, 0.9827876091003418, 0.5728698372840881, 0.3147522807121277, 0.5026204586029053, 0.9824810028076172, 0.9889720678329468], [1.0143357515335083, 0.9893252849578857, 1.0334320068359375, 0.7938419580459595, 0.7378649711608887, 1.0067600011825562, 0.9951837658882141, 1.0216331481933594, 0.0, 0.7594407796859741, 1.0267610549926758, 0.9851163625717163, 1.0405813455581665, 0.6940923929214478, 0.8102707862854004], [1.0591028928756714, 0.9644321203231812, 0.9912744760513306, 0.7453848719596863, 0.800575315952301, 1.0178265571594238, 1.017130732536316, 0.9827876091003418, 0.7594407796859741, 3.5762786865234375e-07, 0.9900328516960144, 1.023881435394287, 0.9961888790130615, 0.6610807180404663, 0.7991379499435425], [0.8612788319587708, 0.9390408992767334, 0.814113438129425, 1.0477638244628906, 0.9552683234214783, 0.7928017973899841, 0.632843017578125, 0.5728698372840881, 1.0267610549926758, 0.9900328516960144, -2.384185791015625e-07, 0.6442499756813049, 0.5695643424987793, 0.992083728313446, 0.9976818561553955], [0.7159732580184937, 1.0014173984527588, 0.5046805739402771, 0.9556289911270142, 0.997954249382019, 0.6406030654907227, 0.41026246547698975, 0.3147522807121277, 0.9851163625717163, 1.023881435394287, 0.6442499756813049, 2.980232238769531e-07, 0.5810150504112244, 0.9838306307792664, 0.9571230411529541], [0.8642206192016602, 0.9661520719528198, 0.7401273250579834, 1.0164612531661987, 0.972838282585144, 0.780195415019989, 0.6619439125061035, 0.5026204586029053, 1.0405813455581665, 0.9961888790130615, 0.5695643424987793, 0.5810150504112244, 1.1920928955078125e-07, 0.9904495477676392, 0.9839591979980469], [1.030688762664795, 0.9856773614883423, 0.9918422102928162, 0.675586998462677, 0.6869966387748718, 1.0515379905700684, 0.9838377833366394, 0.9824810028076172, 0.6940923929214478, 0.6610807180404663, 0.992083728313446, 0.9838306307792664, 0.9904495477676392, 1.1920928955078125e-07, 0.7763373851776123], [1.0104126930236816, 0.968576967716217, 0.9430058598518372, 0.7338137626647949, 0.6840159893035889, 0.9956591725349426, 0.9823676347732544, 0.9889720678329468, 0.8102707862854004, 0.7991379499435425, 0.9976818561553955, 0.9571230411529541, 0.9839591979980469, 0.7763373851776123, 2.384185791015625e-07]]",0.8661181330680847,0.17661258578300476,0.3147522807121277,1.07999849319458,0.6354635000228882,0.7183281779289246,0.9651423692703247,0.9970247745513916,1.0237885475158692,0.966683030128479,0.8576885461807251,0.8476294279098511,0.873518705368042,0.8825414180755615,0.8128356337547302,0.8906670212745667,0.8562986254692078,1.0401359931957461,2026-03-13 15:41:03.839966
2,2,"[""6e6c4af1-9c25-405d-b877-40e347c213d2"", ""6cbb375f-7902-430b-a8e7-af7c50adce9c"", ""e031a8a3-18aa-432c-94df-0ceb37cab297"", ""69b4fab1-0e1c-455f-96c9-899855d08ff3"", ""0a55a513-5e08-45d4-8825-92754c1c4294"", ""9f351af7-d644-4d78-b621-0801c7a1134d"", ""64e7021c-412f-4a01-8c21-f288e7b25dde"", ""4305faea-0e0a-4787-b453-04aab98b37fa"", ""649c6529-d9ff-4a1c-a60f-453764331032"", ""ee1988ca-a4ef-48b1-8325-3774b33ce00d"", ""d0f094cc-9e36-4b23-a28d-9b5a38b835d2"", ""2e54c66d-b223-4d21-b3e4-afc96b379038"", ""d2adf589-32b7-469f-ba4c-35ac7b25f0e4"", ""d8ecd69c-efc8-4b0c-825d-f3332ff0f5d8"", ""1dc66c60-44ef-4b51-8019-282e91e9f1c8""]",15,"[[1.7881393432617188e-07, 0.7133277654647827, 0.7690855264663696, 1.0035194158554077, 1.0438123941421509, 0.6807842254638672, 0.7856357097625732, 0.75264573097229, 0.9655037522315979, 1.0660393238067627, 0.8296893835067749, 0.765810489654541, 0.6682488918304443, 1.0432243347167969, 1.0382856130599976], [0.7133277654647827, -2.384185791015625e-07, 0.9212154746055603, 0.963789701461792, 1.044861078262329, 0.7152729034423828, 0.8667784929275513, 0.8018175363540649, 0.9814735651016235, 0.9707818031311035, 0.9281049966812134, 0.6620628833770752, 0.838085412979126, 0.9948610067367554, 1.0265748500823975], [0.7690855264663696, 0.9212154746055603, -1.1920928955078125e-07, 0.9403720498085022, 0.9716193675994873, 0.7483224272727966, 0.8167518973350525, 0.7946376800537109, 0.9479033350944519, 1.0441639423370361, 0.9102621674537659, 0.8089276552200317, 0.8519799709320068, 1.0063858032226562, 1.0480461120605469], [1.0035194158554077, 0.963789701461792, 0.9403720498085022, 0.0, 0.575717568397522, 0.9478899836540222, 0.9196145534515381, 0.952293336391449, 0.7933922410011292, 0.7538946866989136, 1.0659435987472534, 0.9759314060211182, 0.9765447378158569, 0.5235714316368103, 0.7213121056556702], [1.0438123941421509, 1.044861078262329, 0.9716193675994873, 0.575717568397522, 0.0, 1.0153944492340088, 0.9777474999427795, 1.009013056755066, 0.7722656726837158, 0.7147273421287537, 1.039289116859436, 1.0178883075714111, 1.0012907981872559, 0.5938419103622437, 0.5818548798561096], [0.6807842254638672, 0.7152729034423828, 0.7483224272727966, 0.9478899836540222, 1.0153944492340088, -2.384185791015625e-07, 0.6508104801177979, 0.6087372303009033, 0.9202373027801514, 1.0234441757202148, 0.7945632934570312, 0.8109296560287476, 0.8151606321334839, 1.0403660535812378, 1.027228832244873], [0.7856357097625732, 0.8667784929275513, 0.8167518973350525, 0.9196145534515381, 0.9777474999427795, 0.6508104801177979, 1.1920928955078125e-07, 0.746553897857666, 0.9660860896110535, 1.0418407917022705, 0.7558207511901855, 0.8909056186676025, 0.8159196376800537, 1.0184745788574219, 1.0444356203079224], [0.75264573097229, 0.8018175363540649, 0.7946376800537109, 0.952293336391449, 1.009013056755066, 0.6087372303009033, 0.746553897857666, 2.384185791015625e-07, 0.9893665909767151, 1.0286486148834229, 0.8548727035522461, 0.6347083449363708, 0.562299907207489, 1.0247730016708374, 1.021488070487976], [0.9655037522315979, 0.9814735651016235, 0.9479033350944519, 0.7933922410011292, 0.7722656726837158, 0.9202373027801514, 0.9660860896110535, 0.9893665909767151, 1.1920928955078125e-07, 0.827635645866394, 1.0232089757919312, 1.0226716995239258, 1.0111770629882812, 0.7945122718811035, 0.7532336115837097], [1.0660393238067627, 0.9707818031311035, 1.0441639423370361, 0.7538946866989136, 0.7147273421287537, 1.0234441757202148, 1.0418407917022705, 1.0286486148834229, 0.827635645866394, 2.384185791015625e-07, 1.0408096313476562, 0.9922627806663513, 1.068658471107483, 0.6823287606239319, 0.6986647248268127], [0.8296893835067749, 0.9281049966812134, 0.9102621674537659, 1.0659435987472534, 1.039289116859436, 0.7945632934570312, 0.7558207511901855, 0.8548727035522461, 1.0232089757919312, 1.0408096313476562, 0.0, 1.0295588970184326, 0.9031029939651489, 1.024123191833496, 1.038698673248291], [0.765810489654541, 0.6620628833770752, 0.8089276552200317, 0.9759314060211182, 1.0178883075714111, 0.8109296560287476, 0.8909056186676025, 0.6347083449363708, 1.0226716995239258, 0.9922627806663513, 1.0295588970184326, 1.1920928955078125e-07, 0.7250542044639587, 0.9442213773727417, 0.9839943647384644], [0.6682488918304443, 0.838085412979126, 0.8519799709320068, 0.9765447378158569, 1.0012907981872559, 0.8151606321334839, 0.8159196376800537, 0.562299907207489, 1.0111770629882812, 1.068658471107483, 0.9031029939651489, 0.7250542044639587, -1.1920928955078125e-07, 1.0599145889282227, 0.9740471243858337], [1.0432243347167969, 0.9948610067367554, 1.0063858032226562, 0.5235714316368103, 0.5938419103622437, 1.0403660535812378, 1.0184745788574219, 1.0247730016708374, 0.7945122718811035, 0.6823287606239319, 1.024123191833496, 0.9442213773727417, 1.0599145889282227, 0.0, 0.6571624279022217], [1.0382856130599976, 1.0265748500823975, 1.0480461120605469, 0.7213121056556702, 0.5818548798561096, 1.027228832244873, 1.0444356203079224, 1.021488070487976, 0.7532336115837097, 0.6986647248268127, 1.038698673248291, 0.9839943647384644, 0.9740471243858337, 0.6571624279022217, -1.1920928955078125e-07]]",0.8857409358024597,0.14592178165912628,0.5235714316368103,1.068658471107483,0.6732630252838134,0.7690855264663696,0.9403720498085022,1.0184745788574219,1.0414283275604248,0.8947321176528931,0.8803361058235168,0.9339877963066101,0.8717898726463318,0.8767207264900208,0.8879790306091309,0.9030186533927917,0.8788297772407532,1.0275239605876623,2026-03-13 15:41:04.137527
3,3,"[""a19f74c0-be74-479a-82f1-b465fc3e4a6c"", ""74c05a0e-d81e-468b-bea2-2c287ca9acad"", ""060d20e0-0ef1-481b-afaf-530fbc248ab8"", ""d8ecd69c-efc8-4b0c-825d-f3332ff0f5d8"", ""149defdd-951f-4911-aba9-52e51d6ff405"", ""c747f7ef-8bbf-4ade-848b-30ca952fd538"", ""150ec27c-4b5f-411d-a34f-32e80c87f366"", ""d2adf589-32b7-469f-ba4c-35ac7b25f0e4"", ""83611a63-14d9-436e-8304-64018db8b7f7"", ""ad92b5fa-cd0a-4eca-9101-f844f92bd264"", ""1f45fae6-7dd5-44f4-9ced-93dbec1baa20"", ""6cf86fb4-a096-4a7b-b4cb-ce20b1c395fc"", ""049fc460-a9a7-4cdc-abcb-7a9c76020c1b"", ""35fd8329-2a1b-4842-b1d0-07aa00edc40d"", ""5ffb37a9-148f-4580-8e58-4e3103d512f7""]",15,"[[-1.1920928955078125e-07, 0.6914888024330139, 0.7718857526779175, 1.03487229347229, 1.0145894289016724, 0.5986078977584839, 0.9059357047080994, 0.718569278717041, 1.0040727853775024, 0.994250476360321, 0.626660943031311, 0.6279981732368469, 0.7046595215797424, 0.9317071437835693, 1.0233534574508667], [0.6914888024330139, 5.960464477539063e-08, 0.8239547610282898, 1.0192410945892334, 1.0060627460479736, 0.8301370739936829, 0.936461329460144, 0.9737278819084167, 1.0195561647415161, 0.988795280456543, 0.7508543729782104, 0.8527216911315918, 0.8608009219169617, 1.0180039405822754, 1.050225853919983], [0.7718857526779175, 0.8239547610282898, 0.0, 0.9785679578781128, 0.9914833307266235, 0.7959021329879761, 0.8923174142837524, 0.7813219428062439, 0.9886883497238159, 0.9576901793479919, 0.8421580791473389, 0.8658856749534607, 0.6573336124420166, 0.9553247094154358, 0.9843934774398804], [1.03487229347229, 1.0192410945892334, 0.9785679578781128, 0.0, 0.6770239472389221, 1.0474681854248047, 1.0019465684890747, 1.0599145889282227, 0.6461285352706909, 0.6073245406150818, 0.998082160949707, 1.0451252460479736, 1.0078045129776, 0.5884078145027161, 0.5771841406822205], [1.0145894289016724, 1.0060627460479736, 0.9914833307266235, 0.6770239472389221, 1.1920928955078125e-07, 1.0354472398757935, 0.9755295515060425, 0.9981981515884399, 0.7346557974815369, 0.6243298053741455, 1.0790035724639893, 1.018419623374939, 1.0055787563323975, 0.6399793028831482, 0.6716545820236206], [0.5986078977584839, 0.8301370739936829, 0.7959021329879761, 1.0474681854248047, 1.0354472398757935, -1.1920928955078125e-07, 0.9252251386642456, 0.7197775840759277, 1.0075713396072388, 1.0084338188171387, 0.6740903854370117, 0.8022760152816772, 0.6302045583724976, 0.9959697127342224, 1.0571168661117554], [0.9059357047080994, 0.936461329460144, 0.8923174142837524, 1.0019465684890747, 0.9755295515060425, 0.9252251386642456, 0.0, 0.8314218521118164, 0.9653905630111694, 0.9850091934204102, 0.8826442956924438, 0.9194740056991577, 0.7767088413238525, 0.9275777339935303, 0.9706503748893738], [0.718569278717041, 0.9737278819084167, 0.7813219428062439, 1.0599145889282227, 0.9981981515884399, 0.7197775840759277, 0.8314218521118164, -1.1920928955078125e-07, 1.0410435199737549, 0.9746115803718567, 0.7646445631980896, 0.7186225652694702, 0.6061289310455322, 0.9847980737686157, 1.0701782703399658], [1.0040727853775024, 1.0195561647415161, 0.9886883497238159, 0.6461285352706909, 0.7346557974815369, 1.0075713396072388, 0.9653905630111694, 1.0410435199737549, 0.0, 0.7427749633789062, 1.002873182296753, 1.0165963172912598, 1.055587649345398, 0.7603800296783447, 0.6813569068908691], [0.994250476360321, 0.988795280456543, 0.9576901793479919, 0.6073245406150818, 0.6243298053741455, 1.0084338188171387, 0.9850091934204102, 0.9746115803718567, 0.7427749633789062, -2.384185791015625e-07, 1.0209052562713623, 1.0262168645858765, 1.0113818645477295, 0.6638954281806946, 0.6573081016540527], [0.626660943031311, 0.7508543729782104, 0.8421580791473389, 0.998082160949707, 1.0790035724639893, 0.6740903854370117, 0.8826442956924438, 0.7646445631980896, 1.002873182296753, 1.0209052562713623, -3.5762786865234375e-07, 0.7987666130065918, 0.7715405225753784, 1.023882269859314, 1.092315435409546], [0.6279981732368469, 0.8527216911315918, 0.8658856749534607, 1.0451252460479736, 1.018419623374939, 0.8022760152816772, 0.9194740056991577, 0.7186225652694702, 1.0165963172912598, 1.0262168645858765, 0.7987666130065918, -2.384185791015625e-07, 0.7416544556617737, 0.9402268528938293, 1.0422414541244507], [0.7046595215797424, 0.8608009219169617, 0.6573336124420166, 1.0078045129776, 1.0055787563323975, 0.6302045583724976, 0.7767088413238525, 0.6061289310455322, 1.055587649345398, 1.0113818645477295, 0.7715405225753784, 0.7416544556617737, 1.1920928955078125e-07, 0.9843957424163818, 1.0206950902938843], [0.9317071437835693, 1.0180039405822754, 0.9553247094154358, 0.5884078145027161, 0.6399793028831482, 0.9959697127342224, 0.9275777339935303, 0.9847980737686157, 0.7603800296783447, 0.6638954281806946, 1.023882269859314, 0.9402268528938293, 0.9843957424163818, -1.1920928955078125e-07, 0.7237721681594849], [1.0233534574508667, 1.050225853919983, 0.9843934774398804, 0.5771841406822205, 0.6716545820236206, 1.0571168661117554, 0.9706503748893738, 1.0701782703399658, 0.6813569068908691, 0.6573081016540527, 1.092315435409546, 1.0422414541244507, 1.0206950902938843, 0.7237721681594849, 0.0]]",0.8812171816825867,0.15135154128074646,0.5771841406822205,1.092315435409546,0.6506003618240357,0.7427749633789062,0.9402268528938293,1.0078045129776,1.0388050079345703,0.9009170532226562,0.9201259613037109,0.9139490127563477,0.8846790790557861,0.8553327918052673,0.8671035170555115,0.9116640686988831,0.8690385818481445,1.0490490154764922,2026-03-13 15:41:04.460662
4,4,"[""50f26650-c0ff-4f30-a211-e1600a5ddb9b"", ""a90d291f-9aef-4aab-8f22-8fc3ea616488"", ""00d99515-bf92-4d9f-9dce-05b973d0e25f"", ""34d9f91d-b44c-4441-af76-24eb652bbb5b"", ""88e43611-38e3-4c47-bd69-9edbf88a0fc1"", ""1d2ac478-7315-4dfa-a30c-a0505e1591b7"", ""b53d6d68-3043-4592-8431-7922a4fb7d30"", ""2828e79b-adbe-49fd-be3b-bfe0de184d15"", ""1a9dd8e4-dded-4898-8bdc-875b306cbf00"", ""af1b1364-88e4-495a-986f-de728d3f5d71"", ""c1ed7aef-5229-4315-9d56-5b6b7870c885"", ""a28d1d12-831d-424e-aff9-60c3bd2cd450"", ""558070e3-9675-4e45-9338-9fe83842e14e"", ""f6d6de91-605f-4fe9-8760-7b6a22b11bfc"", ""8834595f-15b7-4f81-a6ab-fb46cf3af4c8""]",15,"[[4.172325134277344e-07, 0.9170310497283936, 0.778393030166626, 1.0094513893127441, 0.9423547983169556, 0.679898738861084, 0.8931413888931274, 0.8617876172065735, 0.9926798343658447, 1.0156000852584839, 0.774483859539032, 0.8341249823570251, 0.7461353540420532, 0.9757766723632812, 1.0377604961395264], [0.9170310497283936, -2.384185791015625e-07, 0.7982400059700012, 0.9978377819061279, 1.0380265712738037, 0.8929946422576904, 0.6897217631340027, 0.757455050945282, 1.0089938640594482, 1.086197018623352, 0.9512087106704712, 0.8447726964950562, 0.9380234479904175, 1.0368611812591553, 0.9770705699920654], [0.778393030166626, 0.7982400059700012, 5.960464477539063e-08, 0.9412866830825806, 0.9952633380889893, 0.5853455066680908, 0.697009265422821, 0.5825080275535583, 0.9959967136383057, 1.0110540390014648, 0.7726702690124512, 0.7590973973274231, 0.7006407976150513, 0.9904882311820984, 1.0744297504425049], [1.0094513893127441, 0.9978377819061279, 0.9412866830825806, -2.384185791015625e-07, 0.6390815377235413, 1.0060033798217773, 0.9776267409324646, 0.9466308951377869, 0.7594993114471436, 0.7506037354469299, 1.0175352096557617, 1.069681167602539, 1.0064008235931396, 0.7299265265464783, 0.7268636226654053], [0.9423547983169556, 1.0380265712738037, 0.9952633380889893, 0.6390815377235413, -2.384185791015625e-07, 0.9980582594871521, 0.9948042035102844, 0.9479796886444092, 0.6088062524795532, 0.6890838146209717, 0.949608564376831, 1.0174143314361572, 0.9838880300521851, 0.7494091987609863, 0.710635781288147], [0.679898738861084, 0.8929946422576904, 0.5853455066680908, 1.0060033798217773, 0.9980582594871521, 0.0, 0.6987823247909546, 0.6898202300071716, 1.0162981748580933, 1.0149134397506714, 0.6695383787155151, 0.6510300636291504, 0.6222288608551025, 0.9927423000335693, 1.0629525184631348], [0.8931413888931274, 0.6897217631340027, 0.697009265422821, 0.9776267409324646, 0.9948042035102844, 0.6987823247909546, 1.1920928955078125e-07, 0.8352824449539185, 0.9999058246612549, 1.0382884740829468, 0.8839852213859558, 0.8850990533828735, 0.9043207764625549, 1.009078860282898, 1.049994707107544], [0.8617876172065735, 0.757455050945282, 0.5825080275535583, 0.9466308951377869, 0.9479796886444092, 0.6898202300071716, 0.8352824449539185, 0.0, 1.015204906463623, 1.0031280517578125, 0.9002912640571594, 0.6851474642753601, 0.6964488625526428, 0.9854433536529541, 1.011393427848816], [0.9926798343658447, 1.0089938640594482, 0.9959967136383057, 0.7594993114471436, 0.6088062524795532, 1.0162981748580933, 0.9999058246612549, 1.015204906463623, -1.1920928955078125e-07, 0.7859938144683838, 1.025931477546692, 0.9937632083892822, 0.9936550855636597, 0.7102420926094055, 0.721470296382904], [1.0156000852584839, 1.086197018623352, 1.0110540390014648, 0.7506037354469299, 0.6890838146209717, 1.0149134397506714, 1.0382884740829468, 1.0031280517578125, 0.7859938144683838, -2.384185791015625e-07, 1.007096767425537, 1.0358275175094604, 1.0170137882232666, 0.7061297297477722, 0.7532998919487], [0.774483859539032, 0.9512087106704712, 0.7726702690124512, 1.0175352096557617, 0.949608564376831, 0.6695383787155151, 0.8839852213859558, 0.9002912640571594, 1.025931477546692, 1.007096767425537, 0.0, 0.6620531678199768, 0.6798425316810608, 0.9481849074363708, 1.0156956911087036], [0.8341249823570251, 0.8447726964950562, 0.7590973973274231, 1.069681167602539, 1.0174143314361572, 0.6510300636291504, 0.8850990533828735, 0.6851474642753601, 0.9937632083892822, 1.0358275175094604, 0.6620531678199768, 0.0, 0.4501088261604309, 0.9941821694374084, 1.0029956102371216], [0.7461353540420532, 0.9380234479904175, 0.7006407976150513, 1.0064008235931396, 0.9838880300521851, 0.6222288608551025, 0.9043207764625549, 0.6964488625526428, 0.9936550855636597, 1.0170137882232666, 0.6798425316810608, 0.4501088261604309, 0.0, 0.9874936938285828, 1.034737229347229], [0.9757766723632812, 1.0368611812591553, 0.9904882311820984, 0.7299265265464783, 0.7494091987609863, 0.9927423000335693, 1.009078860282898, 0.9854433536529541, 0.7102420926094055, 0.7061297297477722, 0.9481849074363708, 0.9941821694374084, 0.9874936938285828, 2.384185791015625e-07, 0.7886579036712646], [1.0377604961395264, 0.9770705699920654, 1.0744297504425049, 0.7268636226654053, 0.710635781288147, 1.0629525184631348, 1.049994707107544, 1.011393427848816, 0.721470296382904, 0.7532998919487, 1.0156956911087036, 1.0029956102371216, 1.034737229347229, 0.7886579036712646, -2.384185791015625e-07]]",0.8809242844581604,0.14836302399635315,0.4501088261604309,1.086197018623352,0.6819982290267944,0.7494091987609863,0.9466308951377869,1.0064008235931396,1.0312149286270142,0.90569669008255,0.9097617864608765,0.8563951253890991,0.8571791648864746,0.8949963450431824,0.8789650201797485,0.8906179666519165,0.8770469427108765,1.015473543410451,2026-03-13 15:41:04.776806
5,5,"[""4b5c776c-7cbb-48dd-84ff-c2f200db7e7b"", ""ebafe91b-2dd0-48aa-a0c7-99c047895b27"", ""08d5d511-b17d-4143-8949-ae629289583f"", ""03eee316-9f6a-4f3d-b605-2f0d247e4fe6"", ""d3587914-e5ac-4219-b968-f1df91239f01"", ""1638c06e-b0ca-4dca-b888-04b551cf6814"", ""07bc6583-1234-42ba-9e3c-8e8fd746a054"", ""43a83a54-069d-4da1-aac2-99452f6abda8"", ""04d450d5-5156-4d38-bae2-87d74b99e81f"", ""8834595f-15b7-4f81-a6ab-fb46cf3af4c8"", ""3e4012d4-f5fb-4b79-8ece-5d886710a265"", ""f0fe4ad4-2fc4-4814-bd3b-26131a1934f4"", ""4e520383-825d-4383-bd30-86ab03931dd2"", ""ea9d7245-e053-4fa8-83c6-664214729c83"", ""992f0755-7f69-4d3d-8959-b88b9a4a6032""]",15,"[[2.980232238769531e-07, 0.8775414228439331, 0.6041646003723145, 1.0378170013427734, 0.9657787680625916, 0.7501656413078308, 0.8199318647384644, 0.8946296572685242, 0.9869481921195984, 1.0837512016296387, 0.674014687538147, 0.8585243225097656, 0.7592310905456543, 0.9886018633842468, 0.993036150932312], [0.8775414228439331, -3.5762786865234375e-07, 0.7880991101264954, 0.9965599775314331, 1.0269311666488647, 0.7560214996337891, 0.9107241034507751, 0.9778022766113281, 1.0276603698730469, 0.9880730509757996, 0.8162843585014343, 0.7361819744110107, 0.7288743853569031, 1.0035964250564575, 0.9444816708564758], [0.6041646003723145, 0.7880991101264954, -4.76837158203125e-07, 1.0918960571289062, 1.0198978185653687, 0.6401056051254272, 0.7991636395454407, 0.8829880952835083, 1.0268281698226929, 1.0591404438018799, 0.5804158449172974, 0.7113974094390869, 0.7046823501586914, 1.0736351013183594, 1.0043827295303345], [1.0378170013427734, 0.9965599775314331, 1.0918960571289062, -1.1920928955078125e-07, 0.5482387542724609, 1.0273762941360474, 1.026904582977295, 1.0348594188690186, 0.7167059779167175, 0.7644299268722534, 1.0175775289535522, 1.0375001430511475, 0.9886789917945862, 0.6346439123153687, 0.7430421113967896], [0.9657787680625916, 1.0269311666488647, 1.0198978185653687, 0.5482387542724609, -3.5762786865234375e-07, 1.0626598596572876, 0.992354691028595, 1.0324627161026, 0.688269317150116, 0.7036865949630737, 1.0535446405410767, 0.98917156457901, 1.0310108661651611, 0.6837615370750427, 0.7175483703613281], [0.7501656413078308, 0.7560214996337891, 0.6401056051254272, 1.0273762941360474, 1.0626598596572876, -1.1920928955078125e-07, 0.8570641279220581, 0.8720167875289917, 1.0873976945877075, 1.0613176822662354, 0.36216551065444946, 0.4897705316543579, 0.45021986961364746, 1.0588324069976807, 1.006407618522644], [0.8199318647384644, 0.9107241034507751, 0.7991636395454407, 1.026904582977295, 0.992354691028595, 0.8570641279220581, 1.1920928955078125e-07, 0.63050377368927, 0.9770902991294861, 0.9879072904586792, 0.6667619943618774, 0.8261979818344116, 0.6869490742683411, 1.0123482942581177, 1.0443029403686523], [0.8946296572685242, 0.9778022766113281, 0.8829880952835083, 1.0348594188690186, 1.0324627161026, 0.8720167875289917, 0.63050377368927, 1.1920928955078125e-07, 0.9709732532501221, 1.0333019495010376, 0.7928611040115356, 0.8338824510574341, 0.7605290412902832, 0.9215866327285767, 1.0204120874404907], [0.9869481921195984, 1.0276603698730469, 1.0268281698226929, 0.7167059779167175, 0.688269317150116, 1.0873976945877075, 0.9770902991294861, 0.9709732532501221, -2.384185791015625e-07, 0.8590415716171265, 1.0190171003341675, 1.0221351385116577, 1.0385297536849976, 0.747794508934021, 0.7848749756813049], [1.0837512016296387, 0.9880730509757996, 1.0591404438018799, 0.7644299268722534, 0.7036865949630737, 1.0613176822662354, 0.9879072904586792, 1.0333019495010376, 0.8590415716171265, -2.384185791015625e-07, 1.042367696762085, 0.9880189895629883, 1.038188099861145, 0.7071927189826965, 0.7229495644569397], [0.674014687538147, 0.8162843585014343, 0.5804158449172974, 1.0175775289535522, 1.0535446405410767, 0.36216551065444946, 0.6667619943618774, 0.7928611040115356, 1.0190171003341675, 1.042367696762085, 0.0, 0.5159311890602112, 0.38005292415618896, 1.0093257427215576, 0.9848052263259888], [0.8585243225097656, 0.7361819744110107, 0.7113974094390869, 1.0375001430511475, 0.98917156457901, 0.4897705316543579, 0.8261979818344116, 0.8338824510574341, 1.0221351385116577, 0.9880189895629883, 0.5159311890602112, 1.1920928955078125e-07, 0.6459720730781555, 0.999935507774353, 0.9788552522659302], [0.7592310905456543, 0.7288743853569031, 0.7046823501586914, 0.9886789917945862, 1.0310108661651611, 0.45021986961364746, 0.6869490742683411, 0.7605290412902832, 1.0385297536849976, 1.038188099861145, 0.38005292415618896, 0.6459720730781555, 1.7881393432617188e-07, 0.9833281636238098, 0.9831722974777222], [0.9886018633842468, 1.0035964250564575, 1.0736351013183594, 0.6346439123153687, 0.6837615370750427, 1.0588324069976807, 1.0123482942581177, 0.9215866327285767, 0.747794508934021, 0.7071927189826965, 1.0093257427215576, 0.999935507774353, 0.9833281636238098, 0.0, 0.7425729036331177], [0.993036150932312, 0.9444816708564758, 1.0043827295303345, 0.7430421113967896, 0.7175483703613281, 1.006407618522644, 1.0443029403686523, 1.0204120874404907, 0.7848749756813049, 0.7229495644569397, 0.9848052263259888, 0.9788552522659302, 0.9831722974777222, 0.7425729036331177, -3.5762786865234375e-07]]",0.8732309937477112,0.17432360351085663,0.36216551065444946,1.0918960571289062,0.6424521923065185,0.7425729036331177,0.9657787680625916,1.0198978185653687,1.04083251953125,0.8956924676895142,0.9336614608764648,0.8223951458930969,0.9061456322669983,0.8589527606964111,0.8417718410491943,0.8839162588119507,0.8689568042755127,1.0172154179158657,2026-03-13 15:41:05.341713
6,6,"[""0be3fad4-9d00-4653-8215-c32723d3e329"", ""236e6ee8-707b-430b-9d72-478994eab5f9"", ""b24a5c6a-d511-4b5e-8cf0-d07c413e6406"", ""69b4fab1-0e1c-455f-96c9-899855d08ff3"", ""d9d15208-bdef-48f2-b7f1-1b58f027482f"", ""a1ef2e44-c0d2-4cb3-98db-ee1c1e8d24bd"", ""061590f2-ebda-4bfe-b6ab-b1a31f607196"", ""c2ef4629-6747-4196-ba60-08c3ae5ed9a0"", ""d3587914-e5ac-4219-b968-f1df91239f01"", ""7b9ca80a-396c-4fc1-820d-2a586deb5e8f"", ""25d025fc-69b6-40a0-85b3-5315a68abc9c"", ""56bb4871-8294-4cba-9b49-f18edded9af4"", ""44158bbb-ad64-4109-b394-0a2e8082004b"", ""a64a1e27-5031-40c1-a085-9f94d0a938ed"", ""04d450d5-5156-4d38-bae2-87d74b99e81f""]",15,"[[-1.1920928955078125e-07, 0.8280394673347473, 0.860823392868042, 0.9342271685600281, 0.9972958564758301, 0.8753774762153625, 0.9112893342971802, 0.8620457649230957, 1.003161907196045, 1.0307157039642334, 0.9138612151145935, 0.87422776222229, 0.7914785146713257, 1.0596791505813599, 1.0131785869598389], [0.8280394673347473, -1.1920928955078125e-07, 1.0551148653030396, 0.9981844425201416, 1.0255926847457886, 0.7835686206817627, 0.8398352265357971, 0.9288113713264465, 1.028022289276123, 1.0613209009170532, 0.7437303066253662, 0.8858336210250854, 0.8560981154441833, 1.010698676109314, 0.9872197508811951], [0.860823392868042, 1.0551148653030396, 1.1920928955078125e-07, 0.9726549386978149, 1.0309295654296875, 0.8855361938476562, 0.9130862355232239, 0.6590814590454102, 1.0365079641342163, 1.078199028968811, 0.8506951928138733, 0.87453693151474, 0.6981768608093262, 0.966370701789856, 1.0327107906341553], [0.9342271685600281, 0.9981844425201416, 0.9726549386978149, 0.0, 0.5279238820075989, 1.0207887887954712, 0.9934883713722229, 0.9452683329582214, 0.7126679420471191, 0.7538946866989136, 0.9977913498878479, 0.9784740805625916, 0.9544063210487366, 0.6802661418914795, 0.771937370300293], [0.9972958564758301, 1.0255926847457886, 1.0309295654296875, 0.5279238820075989, -2.384185791015625e-07, 1.0723016262054443, 1.019281268119812, 0.9631336331367493, 0.6404141187667847, 0.7466749548912048, 1.0162907838821411, 0.9633345007896423, 1.0466811656951904, 0.7680403590202332, 0.7864199280738831], [0.8753774762153625, 0.7835686206817627, 0.8855361938476562, 1.0207887887954712, 1.0723016262054443, 0.0, 0.4000152349472046, 0.840034544467926, 1.0261108875274658, 1.025691270828247, 0.9279453754425049, 0.7824208736419678, 0.8191019296646118, 1.0318503379821777, 1.0169070959091187], [0.9112893342971802, 0.8398352265357971, 0.9130862355232239, 0.9934883713722229, 1.019281268119812, 0.4000152349472046, -2.384185791015625e-07, 0.8706207871437073, 1.0013443231582642, 1.0135241746902466, 1.0200477838516235, 0.9214040040969849, 0.8602908849716187, 1.0206905603408813, 0.9982060194015503], [0.8620457649230957, 0.9288113713264465, 0.6590814590454102, 0.9452683329582214, 0.9631336331367493, 0.840034544467926, 0.8706207871437073, -1.1920928955078125e-07, 1.0093382596969604, 1.0094645023345947, 0.9853994250297546, 0.789054274559021, 0.8531724214553833, 0.9704616665840149, 1.0290559530258179], [1.003161907196045, 1.028022289276123, 1.0365079641342163, 0.7126679420471191, 0.6404141187667847, 1.0261108875274658, 1.0013443231582642, 1.0093382596969604, -3.5762786865234375e-07, 0.6671096682548523, 1.0261543989181519, 1.0121464729309082, 1.0424703359603882, 0.69941246509552, 0.688269317150116], [1.0307157039642334, 1.0613209009170532, 1.078199028968811, 0.7538946866989136, 0.7466749548912048, 1.025691270828247, 1.0135241746902466, 1.0094645023345947, 0.6671096682548523, 2.384185791015625e-07, 1.084749698638916, 1.0249539613723755, 1.0964909791946411, 0.8413764238357544, 0.7999181151390076], [0.9138612151145935, 0.7437303066253662, 0.8506951928138733, 0.9977913498878479, 1.0162907838821411, 0.9279453754425049, 1.0200477838516235, 0.9853994250297546, 1.0261543989181519, 1.084749698638916, 5.960464477539063e-08, 0.9603804349899292, 0.773236095905304, 1.0134303569793701, 1.0525970458984375], [0.87422776222229, 0.8858336210250854, 0.87453693151474, 0.9784740805625916, 0.9633345007896423, 0.7824208736419678, 0.9214040040969849, 0.789054274559021, 1.0121464729309082, 1.0249539613723755, 0.9603804349899292, 2.980232238769531e-07, 0.8442864418029785, 1.0077078342437744, 0.9833054542541504], [0.7914785146713257, 0.8560981154441833, 0.6981768608093262, 0.9544063210487366, 1.0466811656951904, 0.8191019296646118, 0.8602908849716187, 0.8531724214553833, 1.0424703359603882, 1.0964909791946411, 0.773236095905304, 0.8442864418029785, -2.384185791015625e-07, 1.0099809169769287, 1.0581183433532715], [1.0596791505813599, 1.010698676109314, 0.966370701789856, 0.6802661418914795, 0.7680403590202332, 1.0318503379821777, 1.0206905603408813, 0.9704616665840149, 0.69941246509552, 0.8413764238357544, 1.0134303569793701, 1.0077078342437744, 1.0099809169769287, -1.1920928955078125e-07, 0.6070506572723389], [1.0131785869598389, 0.9872197508811951, 1.0327107906341553, 0.771937370300293, 0.7864199280738831, 1.0169070959091187, 0.9982060194015503, 1.0290559530258179, 0.688269317150116, 0.7999181151390076, 1.0525970458984375, 0.9833054542541504, 1.0581183433532715, 0.6070506572723389, -2.384185791015625e-07]]",0.9145971536636353,0.1345474272966385,0.4000152349472046,1.0964909791946411,0.725092887878418,0.840034544467926,0.9633345007896423,1.019281268119812,1.0400853872299194,0.9230786561965942,0.8863253593444824,0.9310094118118286,0.9105789661407471,0.9008855223655701,0.9336780309677124,0.9134711027145386,0.9150475263595581,0.998277222111849,2026-03-13 15:41:05.797712
7,7,"[""7ee605ce-6823-4b5d-8462-8a63d0131492"", ""f1618dc1-de91-4aea-b0ee-303ee6e278a4"", ""611bc4f4-1284-4767-86c0-55c899dc7a16"", ""04d450d5-5156-4d38-bae2-87d74b99e81f"", ""598fd2e2-1f38-4a74-9a19-b92f587a7c7a"", ""54b6b669-3482-445f-ae4e-ffc8f0182a41"", ""27109f1b-8fcf-4dce-916b-cbbb91f0cd01"", ""c012381e-c0e6-447f-9e9c-5a045258f845"", ""fbc54c2b-ab2f-4d26-895b-b6ad8a982968"", ""129dd865-ed24-468b-a764-9477fa2a8c5e"", ""1d59770e-3961-4cb6-9eb4-407ccdf4de17"", ""c896aacd-bc34-4e67-8d65-199911823fa9"", ""cc8f5b65-450d-48ba-8da6-c3c8e115c897"", ""f6d6de91-605f-4fe9-8760-7b6a22b11bfc"", ""88e43611-38e3-4c47-bd69-9edbf88a0fc1""]",15,"[[1.7881393432617188e-07, 0.6846954226493835, 0.7567642331123352, 1.059946894645691, 1.0436278581619263, 0.5110570788383484, 0.662207841873169, 0.5392764210700989, 0.9687545299530029, 1.0422978401184082, 0.7329110503196716, 0.8630698919296265, 0.722684383392334, 1.0182503461837769, 0.9826465249061584], [0.6846954226493835, -1.1920928955078125e-07, 0.6409618854522705, 1.0287656784057617, 0.9810539484024048, 0.6567906737327576, 0.8967306017875671, 0.4883229732513428, 0.9957262277603149, 1.0226079225540161, 0.8606229424476624, 0.8434213995933533, 0.9358551502227783, 0.9960903525352478, 0.9720765352249146], [0.7567642331123352, 0.6409618854522705, -1.1920928955078125e-07, 1.023677945137024, 1.0491266250610352, 0.5711201429367065, 0.9174678325653076, 0.5447758436203003, 1.0043160915374756, 1.0357999801635742, 0.8516614437103271, 0.9429982304573059, 0.7958595752716064, 0.9374036192893982, 1.008887767791748], [1.059946894645691, 1.0287656784057617, 1.023677945137024, -2.384185791015625e-07, 0.8043428063392639, 1.0767991542816162, 1.0159461498260498, 1.0476804971694946, 0.9106414914131165, 0.8119124174118042, 1.033482313156128, 1.0090869665145874, 1.020320177078247, 0.44520682096481323, 0.8413805961608887], [1.0436278581619263, 0.9810539484024048, 1.0491266250610352, 0.8043428063392639, 0.0, 1.0825268030166626, 1.000218391418457, 1.0505385398864746, 0.941363513469696, 0.7378649711608887, 0.9710875153541565, 0.9891983866691589, 0.9592728614807129, 0.7343583106994629, 0.8064680099487305], [0.5110570788383484, 0.6567906737327576, 0.5711201429367065, 1.0767991542816162, 1.0825268030166626, -2.384185791015625e-07, 0.734960675239563, 0.4780377745628357, 0.9735680818557739, 1.0385551452636719, 0.7144410610198975, 0.8527222275733948, 0.7606087327003479, 1.0027142763137817, 1.0158711671829224], [0.662207841873169, 0.8967306017875671, 0.9174678325653076, 1.0159461498260498, 1.000218391418457, 0.734960675239563, -1.1920928955078125e-07, 0.7916529178619385, 0.9618360996246338, 1.0247985124588013, 0.5392637252807617, 0.7646307945251465, 0.7402015924453735, 1.0175522565841675, 1.004697561264038], [0.5392764210700989, 0.4883229732513428, 0.5447758436203003, 1.0476804971694946, 1.0505385398864746, 0.4780377745628357, 0.7916529178619385, -2.384185791015625e-07, 0.9711435437202454, 1.018193006515503, 0.7100391983985901, 0.7467505931854248, 0.8484091758728027, 1.0023984909057617, 1.018596887588501], [0.9687545299530029, 0.9957262277603149, 1.0043160915374756, 0.9106414914131165, 0.941363513469696, 0.9735680818557739, 0.9618360996246338, 0.9711435437202454, 5.960464477539063e-08, 0.9902174472808838, 0.9640139937400818, 0.9624127745628357, 0.9566536545753479, 0.9354027509689331, 0.7330095171928406], [1.0422978401184082, 1.0226079225540161, 1.0357999801635742, 0.8119124174118042, 0.7378649711608887, 1.0385551452636719, 1.0247985124588013, 1.018193006515503, 0.9902174472808838, 0.0, 1.000038504600525, 0.9981322884559631, 0.9586286544799805, 0.6713526844978333, 0.7857996225357056], [0.7329110503196716, 0.8606229424476624, 0.8516614437103271, 1.033482313156128, 0.9710875153541565, 0.7144410610198975, 0.5392637252807617, 0.7100391983985901, 0.9640139937400818, 1.000038504600525, -2.384185791015625e-07, 0.8557347655296326, 0.6859151124954224, 1.0074025392532349, 0.966780960559845], [0.8630698919296265, 0.8434213995933533, 0.9429982304573059, 1.0090869665145874, 0.9891983866691589, 0.8527222275733948, 0.7646307945251465, 0.7467505931854248, 0.9624127745628357, 0.9981322884559631, 0.8557347655296326, -3.5762786865234375e-07, 0.6984655261039734, 1.0184695720672607, 1.0411020517349243], [0.722684383392334, 0.9358551502227783, 0.7958595752716064, 1.020320177078247, 0.9592728614807129, 0.7606087327003479, 0.7402015924453735, 0.8484091758728027, 0.9566536545753479, 0.9586286544799805, 0.6859151124954224, 0.6984655261039734, -3.5762786865234375e-07, 0.942804217338562, 0.9355291128158569], [1.0182503461837769, 0.9960903525352478, 0.9374036192893982, 0.44520682096481323, 0.7343583106994629, 1.0027142763137817, 1.0175522565841675, 1.0023984909057617, 0.9354027509689331, 0.6713526844978333, 1.0074025392532349, 1.0184695720672607, 0.942804217338562, 2.384185791015625e-07, 0.7494091987609863], [0.9826465249061584, 0.9720765352249146, 1.008887767791748, 0.8413805961608887, 0.8064680099487305, 1.0158711671829224, 1.004697561264038, 1.018596887588501, 0.7330095171928406, 0.7857996225357056, 0.966780960559845, 1.0411020517349243, 0.9355291128158569, 0.7494091987609863, -2.384185791015625e-07]]",0.8806564807891846,0.1586557775735855,0.44520682096481323,1.0825268030166626,0.6658657789230347,0.7567642331123352,0.9429982304573059,1.0074025392532349,1.0348729133605956,0.907296359539032,0.8982962369918823,0.8901613354682922,0.861309826374054,0.8909721374511719,0.8681735992431641,0.8985846042633057,0.8734850883483887,1.0287349105894594,2026-03-13 15:41:06.094668
